42
22
3
7
178 178 178 178 178 178 178 178 178 178 178 178 32 32 32 178 178 178 178 178 178 178 178 178 178 178 178 32 32 32 178 178 178 178 178 178 178 178 178 178 178 178 
178 178 178 178 178 178 178 178 178 178 178 178 32 32 32 178 178 178 178 178 178 178 178 178 178 178 178 32 32 32 178 178 178 178 178 178 178 178 178 178 178 178 
178 178 178 178 178 178 178 178 178 178 178 178 32 32 32 178 178 178 178 178 178 178 178 178 178 178 178 32 32 32 178 178 178 178 178 178 178 178 178 178 178 178 
178 178 178 178 178 178 178 178 178 178 178 178 32 32 32 178 178 178 178 178 178 178 178 178 178 178 178 32 32 32 178 178 178 178 178 178 178 178 178 178 178 178 
178 178 178 178 178 178 178 178 178 178 178 178 32 32 32 178 178 178 178 178 178 178 178 178 178 178 178 32 32 32 178 178 178 178 178 178 178 178 178 178 178 178 
178 178 178 178 178 178 178 178 178 178 178 178 32 32 32 178 178 178 178 178 178 178 178 178 178 178 178 32 32 32 178 178 178 178 178 178 178 178 178 178 178 178 
32 32 32 32 32 32 32 32 32 32 32 32 32 32 32 32 32 32 32 32 32 32 32 32 32 32 32 32 32 32 32 32 32 32 32 32 32 32 32 32 32 32 
32 32 32 32 32 32 32 32 32 32 32 32 32 32 32 32 32 32 32 32 32 32 32 32 32 32 32 32 32 32 32 32 32 32 32 32 32 32 32 32 32 32 
178 178 178 178 178 178 178 178 178 178 178 178 32 32 32 178 178 178 178 178 178 178 178 178 178 178 178 32 32 32 178 178 178 178 178 178 178 178 178 178 178 178 
178 178 178 178 178 178 178 178 178 178 178 178 32 32 32 178 178 178 178 178 178 178 178 178 178 178 178 32 32 32 178 178 178 178 178 178 178 178 178 178 178 178 
178 178 178 178 178 178 178 178 178 178 178 178 32 32 32 178 178 178 178 178 178 178 178 178 178 178 178 32 32 32 178 178 178 178 178 178 178 178 178 178 178 178 
178 178 178 178 178 178 178 178 178 178 178 178 32 32 32 178 178 178 178 178 178 178 178 178 178 178 178 32 32 32 178 178 178 178 178 178 178 178 178 178 178 178 
178 178 178 178 178 178 178 178 178 178 178 178 32 32 32 178 178 178 178 178 178 178 178 178 178 178 178 32 32 32 178 178 178 178 178 178 178 178 178 178 178 178 
178 178 178 178 178 178 178 178 178 178 178 178 32 32 32 178 178 178 178 178 178 178 178 178 178 178 178 32 32 32 178 178 178 178 178 178 178 178 178 178 178 178 
32 32 32 32 32 32 32 32 32 32 32 32 32 32 32 32 32 32 32 32 32 32 32 32 32 32 32 32 32 32 32 32 32 32 32 32 32 32 32 32 32 32 
32 32 32 32 32 32 32 32 32 32 32 32 32 32 32 32 32 32 32 32 32 32 32 32 32 32 32 32 32 32 32 32 32 32 32 32 32 32 32 32 32 32 
178 178 178 178 178 178 178 178 178 178 178 178 32 32 32 178 178 178 178 178 178 178 178 178 178 178 178 32 32 32 178 178 178 178 178 178 178 178 178 178 178 178 
178 178 178 178 178 178 178 178 178 178 178 178 32 32 32 178 178 178 178 178 178 178 178 178 178 178 178 32 32 32 178 178 178 178 178 178 178 178 178 178 178 178 
178 178 178 178 178 178 178 178 178 178 178 178 32 32 32 178 178 178 178 178 178 178 178 178 178 178 178 32 32 32 178 178 178 178 178 178 178 178 178 178 178 178 
178 178 178 178 178 178 178 178 178 178 178 178 32 32 32 178 178 178 178 178 178 178 178 178 178 178 178 32 32 32 178 178 178 178 178 178 178 178 178 178 178 178 
178 178 178 178 178 178 178 178 178 178 178 178 32 32 32 178 178 178 178 178 178 178 178 178 178 178 178 32 32 32 178 178 178 178 178 178 178 178 178 178 178 178 
178 178 178 178 178 178 178 178 178 178 178 178 32 32 32 178 178 178 178 178 178 178 178 178 178 178 178 32 32 32 178 178 178 178 178 178 178 178 178 178 178 178 

177 177 177 177 177 177 177 177 177 177 177 177 32 32 32 177 177 177 177 177 177 177 177 177 177 177 177 32 32 32 177 177 177 177 177 177 177 177 177 177 177 177 
177 177 177 177 177 177 177 177 177 177 177 177 32 32 32 177 177 177 177 177 177 177 177 177 177 177 177 32 32 32 177 177 177 177 177 177 177 177 177 177 177 177 
177 177 177 177 177 177 177 177 177 177 177 177 32 32 32 177 177 177 177 177 177 177 177 177 177 177 177 32 32 32 177 177 177 177 177 177 177 177 177 177 177 177 
177 177 177 177 177 177 177 177 177 177 177 177 32 32 32 177 177 177 177 177 177 177 177 177 177 177 177 32 32 32 177 177 177 177 177 177 177 177 177 177 177 177 
177 177 177 177 177 177 177 177 177 177 177 177 32 32 32 177 177 177 177 177 177 177 177 177 177 177 177 32 32 32 177 177 177 177 177 177 177 177 177 177 177 177 
177 177 177 177 177 177 177 177 177 177 177 177 32 32 32 177 177 177 177 177 177 177 177 177 177 177 177 32 32 32 177 177 177 177 177 177 177 177 177 177 177 177 
32 32 32 32 32 32 32 32 32 32 32 32 32 32 32 32 32 32 32 32 32 32 32 32 32 32 32 32 32 32 32 32 32 32 32 32 32 32 32 32 32 32 
32 32 32 32 32 32 32 32 32 32 32 32 32 32 32 32 32 32 32 32 32 32 32 32 32 32 32 32 32 32 32 32 32 32 32 32 32 32 32 32 32 32 
177 177 177 177 177 177 177 177 177 177 177 177 32 32 32 177 177 177 177 177 177 177 177 177 177 177 177 32 32 32 177 177 177 177 177 177 177 177 177 177 177 177 
177 177 177 177 177 177 177 177 177 177 177 177 32 32 32 177 177 177 177 177 177 177 177 177 177 177 177 32 32 32 177 177 177 177 177 177 177 177 177 177 177 177 
177 177 177 177 177 177 177 177 177 177 177 177 32 32 32 177 177 177 177 177 177 177 177 177 177 177 177 32 32 32 177 177 177 177 177 177 177 177 177 177 177 177 
177 177 177 177 177 177 177 177 177 177 177 177 32 32 32 177 177 177 177 177 177 177 177 177 177 177 177 32 32 32 177 177 177 177 177 177 177 177 177 177 177 177 
177 177 177 177 177 177 177 177 177 177 177 177 32 32 32 177 177 177 177 177 177 177 177 177 177 177 177 32 32 32 177 177 177 177 177 177 177 177 177 177 177 177 
177 177 177 177 177 177 177 177 177 177 177 177 32 32 32 177 177 177 177 177 177 177 177 177 177 177 177 32 32 32 177 177 177 177 177 177 177 177 177 177 177 177 
32 32 32 32 32 32 32 32 32 32 32 32 32 32 32 32 32 32 32 32 32 32 32 32 32 32 32 32 32 32 32 32 32 32 32 32 32 32 32 32 32 32 
32 32 32 32 32 32 32 32 32 32 32 32 32 32 32 32 32 32 32 32 32 32 32 32 32 32 32 32 32 32 32 32 32 32 32 32 32 32 32 32 32 32 
177 177 177 177 177 177 177 177 177 177 177 177 32 32 32 177 177 177 177 177 177 177 177 177 177 177 177 32 32 32 177 177 177 177 177 177 177 177 177 177 177 177 
177 177 177 177 177 177 177 177 177 177 177 177 32 32 32 177 177 177 177 177 177 177 177 177 177 177 177 32 32 32 177 177 177 177 177 177 177 177 177 177 177 177 
177 177 177 177 177 177 177 177 177 177 177 177 32 32 32 177 177 177 177 177 177 177 177 177 177 177 177 32 32 32 177 177 177 177 177 177 177 177 177 177 177 177 
177 177 177 177 177 177 177 177 177 177 177 177 32 32 32 177 177 177 177 177 177 177 177 177 177 177 177 32 32 32 177 177 177 177 177 177 177 177 177 177 177 177 
177 177 177 177 177 177 177 177 177 177 177 177 32 32 32 177 177 177 177 177 177 177 177 177 177 177 177 32 32 32 177 177 177 177 177 177 177 177 177 177 177 177 
177 177 177 177 177 177 177 177 177 177 177 177 32 32 32 177 177 177 177 177 177 177 177 177 177 177 177 32 32 32 177 177 177 177 177 177 177 177 177 177 177 177 

176 176 176 176 176 176 176 176 176 176 176 176 32 32 32 176 176 176 176 176 176 176 176 176 176 176 176 32 32 32 176 176 176 176 176 176 176 176 176 176 176 176 
176 176 176 176 176 176 176 176 176 176 176 176 32 32 32 176 176 176 176 176 176 176 176 176 176 176 176 32 32 32 176 176 176 176 176 176 176 176 176 176 176 176 
176 176 176 176 176 176 176 176 176 176 176 176 32 32 32 176 176 176 176 176 176 176 176 176 176 176 176 32 32 32 176 176 176 176 176 176 176 176 176 176 176 176 
176 176 176 176 176 176 176 176 176 176 176 176 32 32 32 176 176 176 176 176 176 176 176 176 176 176 176 32 32 32 176 176 176 176 176 176 176 176 176 176 176 176 
176 176 176 176 176 176 176 176 176 176 176 176 32 32 32 176 176 176 176 176 176 176 176 176 176 176 176 32 32 32 176 176 176 176 176 176 176 176 176 176 176 176 
176 176 176 176 176 176 176 176 176 176 176 176 32 32 32 176 176 176 176 176 176 176 176 176 176 176 176 32 32 32 176 176 176 176 176 176 176 176 176 176 176 176 
32 32 32 32 32 32 32 32 32 32 32 32 32 32 32 32 32 32 32 32 32 32 32 32 32 32 32 32 32 32 32 32 32 32 32 32 32 32 32 32 32 32 
32 32 32 32 32 32 32 32 32 32 32 32 32 32 32 32 32 32 32 32 32 32 32 32 32 32 32 32 32 32 32 32 32 32 32 32 32 32 32 32 32 32 
176 176 176 176 176 176 176 176 176 176 176 176 32 32 32 176 176 176 176 176 176 176 176 176 176 176 176 32 32 32 176 176 176 176 176 176 176 176 176 176 176 176 
176 176 176 176 176 176 176 176 176 176 176 176 32 32 32 176 176 176 176 176 176 176 176 176 176 176 176 32 32 32 176 176 176 176 176 176 176 176 176 176 176 176 
176 176 176 176 176 176 176 176 176 176 176 176 32 32 32 176 176 176 176 176 176 176 176 176 176 176 176 32 32 32 176 176 176 176 176 176 176 176 176 176 176 176 
176 176 176 176 176 176 176 176 176 176 176 176 32 32 32 176 176 176 176 176 176 176 176 176 176 176 176 32 32 32 176 176 176 176 176 176 176 176 176 176 176 176 
176 176 176 176 176 176 176 176 176 176 176 176 32 32 32 176 176 176 176 176 176 176 176 176 176 176 176 32 32 32 176 176 176 176 176 176 176 176 176 176 176 176 
176 176 176 176 176 176 176 176 176 176 176 176 32 32 32 176 176 176 176 176 176 176 176 176 176 176 176 32 32 32 176 176 176 176 176 176 176 176 176 176 176 176 
32 32 32 32 32 32 32 32 32 32 32 32 32 32 32 32 32 32 32 32 32 32 32 32 32 32 32 32 32 32 32 32 32 32 32 32 32 32 32 32 32 32 
32 32 32 32 32 32 32 32 32 32 32 32 32 32 32 32 32 32 32 32 32 32 32 32 32 32 32 32 32 32 32 32 32 32 32 32 32 32 32 32 32 32 
176 176 176 176 176 176 176 176 176 176 176 176 32 32 32 176 176 176 176 176 176 176 176 176 176 176 176 32 32 32 176 176 176 176 176 176 176 176 176 176 176 176 
176 176 176 176 176 176 176 176 176 176 176 176 32 32 32 176 176 176 176 176 176 176 176 176 176 176 176 32 32 32 176 176 176 176 176 176 176 176 176 176 176 176 
176 176 176 176 176 176 176 176 176 176 176 176 32 32 32 176 176 176 176 176 176 176 176 176 176 176 176 32 32 32 176 176 176 176 176 176 176 176 176 176 176 176 
176 176 176 176 176 176 176 176 176 176 176 176 32 32 32 176 176 176 176 176 176 176 176 176 176 176 176 32 32 32 176 176 176 176 176 176 176 176 176 176 176 176 
176 176 176 176 176 176 176 176 176 176 176 176 32 32 32 176 176 176 176 176 176 176 176 176 176 176 176 32 32 32 176 176 176 176 176 176 176 176 176 176 176 176 
176 176 176 176 176 176 176 176 176 176 176 176 32 32 32 176 176 176 176 176 176 176 176 176 176 176 176 32 32 32 176 176 176 176 176 176 176 176 176 176 176 176 
